Hello 1
NMSE = 3.9850704688816068
MSE = 526180.495383652
LMSE = 0.0009054443846699178